{
  "0.25": [
    [
      0.9999694826547056, 
      3.0517112463712692e-05, 
      2.3283064365386963e-10
    ], 
    [
      0.9960785508155823, 
      0.003921389579772949, 
      5.960464477539063e-08
    ], 
    [
      0.9922027587890625, 
      0.007781982421875, 
      1.52587890625e-05
    ]
  ], 
  "0.5": [
    [
      0.9922027587890625, 
      0.007781982421875, 
      1.52587890625e-05
    ], 
    [
      0.933837890625, 
      0.06591796875, 
      0.000244140625
    ], 
    [
      0.87890625, 
      0.1171875, 
      0.00390625
    ]
  ], 
  "0.6": [
    [
      0.9666897909907457, 
      0.03302809801850879, 
      0.0002821109907455998
    ], 
    [
      0.855780622336, 
      0.14204259532799998, 
      0.002176782335999999
    ], 
    [
      0.7575961600000001, 
      0.22560768, 
      0.016796159999999997
    ]
  ], 
  "0.1": [
    [
      0.99999998, 
      1.999999980000001e-08, 
      1.0000000000000011e-16
    ], 
    [
      0.9998999900009999, 
      0.00010000999800000001, 
      1.0000000000000008e-12
    ], 
    [
      0.9998000100000001, 
      0.00019998000000000005, 
      1.0000000000000004e-08
    ]
  ], 
  "0.2": [
    [
      0.9999948800065537, 
      5.119986892800003e-06, 
      6.553600000000007e-12
    ], 
    [
      0.998397444096, 
      0.0016025518080000005, 
      4.096000000000003e-09
    ], 
    [
      0.9968025599999999, 
      0.0031948800000000006, 
      2.560000000000001e-06
    ]
  ], 
  "0.4": [
    [
      0.9986897094967296, 
      0.0013098610065408007, 
      4.2949672960000047e-07
    ], 
    [
      0.9737614172160001, 
      0.026221805568000005, 
      1.6777216000000013e-05
    ], 
    [
      0.9494553600000001, 
      0.04988928000000001, 
      0.0006553600000000002
    ]
  ], 
  "0.15": [
    [
      0.9999994874219407, 
      5.125779936318327e-07, 
      6.568408355712886e-14
    ], 
    [
      0.9994934938406838, 
      0.0005065060295698241, 
      1.2974633789062494e-10
    ], 
    [
      0.9989877562890624, 
      0.001011987421875, 
      2.5628906249999996e-07
    ]
  ], 
  "0.8": [
    [
      0.6926031776710655, 
      0.27924932465786895, 
      0.02814749767106563
    ], 
    [
      0.4913473167359999, 
      0.43993320652800005, 
      0.06871947673600005
    ], 
    [
      0.3485721599999999, 
      0.48365568000000003, 
      0.16777216000000006
    ]
  ], 
  "0.3": [
    [
      0.999868784304672, 
      0.00013121139065579995, 
      4.304672099999997e-09
    ], 
    [
      0.9918349214409999, 
      0.008164547118, 
      5.314409999999998e-07
    ], 
    [
      0.9838656100000001, 
      0.016068779999999998, 
      6.560999999999999e-05
    ]
  ], 
  "0.05": [
    [
      0.9999999999218749, 
      7.812499999694827e-11, 
      1.5258789062500017e-21
    ], 
    [
      0.9999937499609377, 
      6.2500390620117195e-06, 
      2.441406250000002e-16
    ], 
    [
      0.9999875000390626, 
      1.2499921875000003e-05, 
      3.9062500000000014e-11
    ]
  ], 
  "0.9": [
    [
      0.32436759888518396, 
      0.4903303822296318, 
      0.1853020188851842
    ], 
    [
      0.19586232648099997, 
      0.521708137038, 
      0.28242953648100005
    ], 
    [
      0.11826720999999998, 
      0.45126558, 
      0.43046721000000004
    ]
  ], 
  "0.85": [
    [
      0.529270036157939, 
      0.3964788776059971, 
      0.07425108623606393
    ], 
    [
      0.3477449820971097, 
      0.5100132607667183, 
      0.14224175713617207
    ], 
    [
      0.2284780250390626, 
      0.49903144992187504, 
      0.2724905250390624
    ]
  ], 
  "0.75": [
    [
      0.8097967656794935, 
      0.1801806385628879, 
      0.010022595757618546
    ], 
    [
      0.6151571869850159, 
      0.35316646099090576, 
      0.03167635202407837
    ], 
    [
      0.4673004150390625, 
      0.432586669921875, 
      0.1001129150390625
    ]
  ], 
  "0.45": [
    [
      0.9966398024062941, 
      0.003357370109286952, 
      2.827484419024417e-06
    ], 
    [
      0.9573811899844924, 
      0.042549857491952635, 
      6.895252355493165e-05
    ], 
    [
      0.9196690125390624, 
      0.078649474921875, 
      0.0016815125390625002
    ]
  ], 
  "0.7": [
    [
      0.8880272730569602, 
      0.10864943388607975, 
      0.003323293056960097
    ], 
    [
      0.716093277201, 
      0.27006543559799995, 
      0.01384128720099999
    ], 
    [
      0.57744801, 
      0.36490397999999996, 
      0.05764800999999998
    ]
  ], 
  "0.35": [
    [
      0.9995496756313027, 
      0.00045027365926950173, 
      5.070942774902492e-08
    ], 
    [
      0.9847719416814456, 
      0.015224679098046383, 
      3.379220508056638e-06
    ], 
    [
      0.9702126875390625, 
      0.029562124921874995, 
      0.00022518753906249992
    ]
  ], 
  "0.95": [
    [
      0.11328580607364086, 
      0.4465875252745938, 
      0.44012666865176536
    ], 
    [
      0.06243340637357455, 
      0.3972065059637888, 
      0.5403600876626367
    ], 
    [
      0.03440793128906255, 
      0.30217163742187514, 
      0.6634204312890623
    ]
  ], 
  "0.55": [
    [
      0.9833233261454216, 
      0.01660656013103159, 
      7.011372354671055e-05
    ], 
    [
      0.9008865740763479, 
      0.09834720805824172, 
      0.0007662178654104011
    ], 
    [
      0.8253608937890625, 
      0.16626571242187504, 
      0.008373393789062504
    ]
  ], 
  "0.65": [
    [
      0.937286382589696, 
      0.06169827224248299, 
      0.0010153451678210149
    ], 
    [
      0.7953172777740432, 
      0.1989947131628511, 
      0.005688009063105716
    ], 
    [
      0.6748519812890623, 
      0.293283537421875, 
      0.03186448128906251
    ]
  ]
}