{
  "0.25": [
    [
      0.9999542243313009, 
      4.577497021429622e-05, 
      6.984812728205725e-10, 
      3.552713678800501e-15
    ], 
    [
      0.9960633518630857, 
      0.003936528696613095, 
      1.194393917103298e-07, 
      9.094947017729282e-13
    ], 
    [
      0.9921876189764589, 
      0.007797003490850329, 
      1.537729986011982e-05, 
      2.3283064365386963e-10
    ], 
    [
      0.9883269667625427, 
      0.011627376079559326, 
      4.559755325317383e-05, 
      5.960464477539063e-08
    ]
  ], 
  "0.5": [
    [
      0.9883269667625427, 
      0.011627376079559326, 
      4.559755325317383e-05, 
      5.960464477539063e-08
    ], 
    [
      0.9301900863647461, 
      0.06930828094482422, 
      0.0005006790161132812, 
      9.5367431640625e-07
    ], 
    [
      0.8754730224609375, 
      0.1201629638671875, 
      0.0043487548828125, 
      1.52587890625e-05
    ], 
    [
      0.823974609375, 
      0.164794921875, 
      0.010986328125, 
      0.000244140625
    ]
  ], 
  "0.6": [
    [
      0.9504531145908987, 
      0.04871002919954136, 
      0.0008321178282218345, 
      4.738381338321612e-06
    ], 
    [
      0.8414067940783451, 
      0.1540306534277107, 
      0.004525990909543709, 
      3.6561584400629733e-05
    ], 
    [
      0.7448714536812545, 
      0.2345430436282368, 
      0.020303391699763196, 
      0.00028211099074559984
    ], 
    [
      0.6594116976640001, 
      0.29455338700800004, 
      0.043858132992, 
      0.0021767823359999995
    ]
  ], 
  "0.1": [
    [
      0.9999999700000002, 
      2.9999999400000014e-08, 
      2.999999970000003e-16, 
      1.0000000000000016e-24
    ], 
    [
      0.999899980002, 
      0.00010001999599980003, 
      2.0000999700000013e-12, 
      1.0000000000000013e-20
    ], 
    [
      0.9998000000019999, 
      0.00019998999600030003, 
      1.0001999700000004e-08, 
      1.0000000000000008e-16
    ], 
    [
      0.999700029999, 
      0.00029994000300000005, 
      2.9997000000000014e-08, 
      1.0000000000000006e-12
    ]
  ], 
  "0.2": [
    [
      0.9999923200196609, 
      7.679960678450336e-06, 
      1.966074966835202e-11, 
      1.6777216000000026e-17
    ], 
    [
      0.9983948881985432, 
      0.0016051036029242577, 
      8.198522142720005e-09, 
      1.0485760000000014e-14
    ], 
    [
      0.9968000081854463, 
      0.0031974236356608005, 
      2.568172339200001e-06, 
      6.5536000000000055e-12
    ], 
    [
      0.9952076759039998, 
      0.004784652288, 
      7.667712000000002e-06, 
      4.096000000000002e-09
    ]
  ], 
  "0.4": [
    [
      0.9980352082087138, 
      0.001963503864047331, 
      1.2876457638698694e-06, 
      2.8147497671065644e-10
    ], 
    [
      0.9731232529336135, 
      0.02684278512788964, 
      3.395094338076674e-05, 
      1.0995116277760014e-08
    ], 
    [
      0.9488331249352705, 
      0.05047881962618881, 
      0.0006876259418112003, 
      4.2949672960000036e-07
    ], 
    [
      0.9251493027840001, 
      0.07291817164800002, 
      0.0019157483520000009, 
      1.677721600000001e-05
    ]
  ], 
  "0.15": [
    [
      0.9999992311330095, 
      7.688667933955489e-07, 
      1.9705220016904998e-13, 
      1.6834112196028214e-20
    ], 
    [
      0.9994932376814333, 
      0.00050676205900838, 
      2.595582601071051e-10, 
      3.3252567300796485e-17
    ], 
    [
      0.998987500259427, 
      0.0010122431921492008, 
      2.565483581235305e-07, 
      6.568408355712887e-14
    ], 
    [
      0.998482018737441, 
      0.0015172126548640135, 
      7.68477948486328e-07, 
      1.2974633789062497e-10
    ]
  ], 
  "0.8": [
    [
      0.576403646530327, 
      0.34859859342221544, 
      0.07027539356458794, 
      0.004722366482869653
    ], 
    [
      0.40891291609699704, 
      0.44855906285207425, 
      0.13099880600486027, 
      0.011529215046068485
    ], 
    [
      0.2900914558009343, 
      0.46099242606919677, 
      0.2207686204588033, 
      0.028147497671065624
    ], 
    [
      0.2057970032639999, 
      0.428325470208, 
      0.29715804979200006, 
      0.06871947673600004
    ]
  ], 
  "0.3": [
    [
      0.9998031829137337, 
      0.0001968041728146885, 
      1.2913169011390547e-08, 
      2.824295364809997e-13
    ], 
    [
      0.9917698471518042, 
      0.00822908573125933, 
      1.0670820685679693e-06, 
      3.4867844009999975e-11
    ], 
    [
      0.9838010585773279, 
      0.0161322771500163, 
      6.665996798369999e-05, 
      4.3046720999999976e-09
    ], 
    [
      0.9758962985590001, 
      0.023907934323, 
      0.000195235677, 
      5.314409999999999e-07
    ]
  ], 
  "0.05": [
    [
      0.9999999998828124, 
      1.1718749999084478e-10, 
      4.577636718571191e-21, 
      5.960464477539072e-32
    ], 
    [
      0.9999937499218754, 
      6.250078124023435e-06, 
      4.882827758502963e-16, 
      9.536743164062512e-27
    ], 
    [
      0.9999875000000005, 
      1.2499960936523445e-05, 
      3.906298827667237e-11, 
      1.5258789062500013e-21
    ], 
    [
      0.9999812501171873, 
      1.8749765625732426e-05, 
      1.1718676757812505e-10, 
      2.4414062500000014e-16
    ]
  ], 
  "0.9": [
    [
      0.18473798357867968, 
      0.4188888459195128, 
      0.31660672742493484, 
      0.07976644307687257
    ], 
    [
      0.11155001725661476, 
      0.3814422000773396, 
      0.3854311280754763, 
      0.12157665459056935
    ], 
    [
      0.06735705407681587, 
      0.30792070073155225, 
      0.4394202263064477, 
      0.18530201888518416
    ], 
    [
      0.040672093518999995, 
      0.232785349443, 
      0.4441130205570001, 
      0.282429536481
    ]
  ], 
  "0.85": [
    [
      0.38504896611781864, 
      0.4326632101203611, 
      0.16205510628863448, 
      0.020232717473185762
    ], 
    [
      0.2529877693457689, 
      0.4657966923148517, 
      0.24245600725486507, 
      0.03875953108451434
    ], 
    [
      0.16621992803628036, 
      0.42530820512444095, 
      0.3342207806032148, 
      0.07425108623606391
    ], 
    [
      0.10921106798101546, 
      0.35780087117414144, 
      0.3907463037086711, 
      0.14224175713617204
    ]
  ], 
  "0.75": [
    [
      0.7287256508781148, 
      0.24321334440413622, 
      0.027057613440195638, 
      0.0010033912775533338
    ], 
    [
      0.5535720077887163, 
      0.3793951162833764, 
      0.0638616639889733, 
      0.0031712119389339932
    ], 
    [
      0.4205176082905382, 
      0.43606196413747966, 
      0.1333978318143636, 
      0.010022595757618546
    ], 
    [
      0.31944364309310913, 
      0.4435703158378601, 
      0.2053096890449524, 
      0.03167635202407837
    ]
  ], 
  "0.45": [
    [
      0.9949639400816191, 
      0.005027586974024869, 
      8.468189905559471e-06, 
      4.754450504593406e-09
    ], 
    [
      0.955771341508871, 
      0.0440881578486661, 
      0.00014038469793001488, 
      1.1594453295762e-07
    ], 
    [
      0.9181225775626908, 
      0.08006365981997486, 
      0.0018109351329152904, 
      2.8274844190244165e-06
    ], 
    [
      0.8819568350936325, 
      0.11313653233628979, 
      0.004837680046522705, 
      6.895252355493164e-05
    ]
  ], 
  "0.7": [
    [
      0.8368342679394998, 
      0.15357901535238105, 
      0.009395135476738592, 
      0.00019158123138056612
    ], 
    [
      0.6748119247959841, 
      0.29577805307100813, 
      0.02861209947003172, 
      0.0007979226629761192
    ], 
    [
      0.5441592813450399, 
      0.37715672036688025, 
      0.07536070523111968, 
      0.003323293056960097
    ], 
    [
      0.43880274279900006, 
      0.4159358016029999, 
      0.13142016839699994, 
      0.013841287200999992
    ]
  ], 
  "0.35": [
    [
      0.9993245894996765, 
      0.0006752583948783993, 
      1.5209402585334853e-07, 
      1.1419131242070563e-11
    ], 
    [
      0.9845501833113605, 
      0.015443009060112322, 
      6.806867568811824e-06, 
      7.60958350158805e-10
    ], 
    [
      0.9699942077315884, 
      0.029773947707188515, 
      0.00023179385179536612, 
      5.070942774902492e-08
    ], 
    [
      0.9556534333966794, 
      0.04367776242714916, 
      0.0006654249556633299, 
      3.3792205080566386e-06
    ]
  ], 
  "0.95": [
    [
      0.03812968774933698, 
      0.22546835497291165, 
      0.44441293293897893, 
      0.2919890243387724
    ], 
    [
      0.021013808990372432, 
      0.17511119184967266, 
      0.44538907675141304, 
      0.3584859224085419
    ], 
    [
      0.011581006673508252, 
      0.12453172401568688, 
      0.4237606006590394, 
      0.44012666865176536
    ], 
    [
      0.00638245620455055, 
      0.08407642525353598, 
      0.3691810308792767, 
      0.5403600876626368
    ]
  ], 
  "0.55": [
    [
      0.9750895727136353, 
      0.024701260295359073, 
      0.00020857990118830944, 
      5.870898172740718e-07
    ], 
    [
      0.8933430960323271, 
      0.10506718620113589, 
      0.0015833019226216243, 
      6.415843915296184e-06
    ], 
    [
      0.8184498220072741, 
      0.17178457591993607, 
      0.009695488349243175, 
      7.011372354671054e-05
    ], 
    [
      0.7498352135017771, 
      0.2265770408618563, 
      0.02282152777095631, 
      0.000766217865410401
    ]
  ], 
  "0.65": [
    [
      0.9074202381891736, 
      0.08959843320156735, 
      0.002948975162157126, 
      3.235344710197276e-05
    ], 
    [
      0.769974905257544, 
      0.2179962223651502, 
      0.011847626918942396, 
      0.00018124545836335006
    ], 
    [
      0.6533481729583902, 
      0.30544201796197773, 
      0.0401944639118109, 
      0.0010153451678210149
    ], 
    [
      0.5543866848040816, 
      0.3613958894549421, 
      0.07852941667787039, 
      0.005688009063105716
    ]
  ]
}