{
  "0.25": [
    [
      0.9990237950696645, 
      0.0009758474188714672, 
      3.574532669858854e-07, 
      5.8193450058752205e-11, 
      3.552713678800501e-15
    ], 
    [
      0.9368135221166085, 
      0.0631405450803868, 
      4.592161531036254e-05, 
      1.1186784831807017e-08, 
      9.094947017729282e-13
    ], 
    [
      0.878477148944512, 
      0.1175593351945281, 
      0.003961601760238409, 
      1.9138678908348083e-06, 
      2.3283064365386963e-10
    ], 
    [
      0.8237734436988831, 
      0.16495585441589355, 
      0.011023879051208496, 
      0.0002467632293701172, 
      5.960464477539063e-08
    ], 
    [
      0.7724761962890625, 
      0.20599365234375, 
      0.020599365234375, 
      0.00091552734375, 
      1.52587890625e-05
    ]
  ], 
  "0.5": [
    [
      0.9389496445655823, 
      0.0596158504486084, 
      0.0014194250106811523, 
      1.5020370483398438e-05, 
      5.960464477539063e-08
    ], 
    [
      0.7153902053833008, 
      0.27252960205078125, 
      0.011896133422851562, 
      0.00018310546875, 
      9.5367431640625e-07
    ], 
    [
      0.5450592041015625, 
      0.38067626953125, 
      0.072235107421875, 
      0.00201416015625, 
      1.52587890625e-05
    ], 
    [
      0.415283203125, 
      0.421875, 
      0.14501953125, 
      0.017578125, 
      0.000244140625
    ], 
    [
      0.31640625, 
      0.421875, 
      0.2109375, 
      0.046875, 
      0.00390625
    ]
  ], 
  "0.6": [
    [
      0.8260351925706646, 
      0.16170237792266764, 
      0.011870404824008932, 
      0.00038728630132037726, 
      4.7383813383216126e-06
    ], 
    [
      0.5545349037128522, 
      0.3933415542850427, 
      0.049780741875758525, 
      0.0023062385419458957, 
      3.6561584400629733e-05
    ], 
    [
      0.3722710148448256, 
      0.45524226681077756, 
      0.15967253283471358, 
      0.012532074518937595, 
      0.00028211099074559984
    ], 
    [
      0.24991340953600003, 
      0.43395946905599997, 
      0.25786161561599996, 
      0.056088723455999995, 
      0.0021767823359999995
    ], 
    [
      0.16777216, 
      0.37748736000000005, 
      0.31850496, 
      0.11943936, 
      0.016796159999999997
    ]
  ], 
  "0.1": [
    [
      0.9999960000059999, 
      3.999988000012001e-06, 
      5.999988000006004e-12, 
      3.9999960000000046e-18, 
      1.0000000000000016e-24
    ], 
    [
      0.9899970300029699, 
      0.010002939994090004, 
      3.000290999706001e-08, 
      3.000096000000003e-14, 
      1.0000000000000014e-20
    ], 
    [
      0.98009803980098, 
      0.019801920598059602, 
      0.00010003940094060004, 
      2.0001960000000015e-10, 
      1.0000000000000012e-16
    ], 
    [
      0.970298029701, 
      0.029403940896000007, 
      0.00029702910600000015, 
      1.0002960000000005e-06, 
      1.000000000000001e-12
    ], 
    [
      0.96059601, 
      0.038811960000000006, 
      0.0005880600000000003, 
      3.960000000000002e-06, 
      1.0000000000000008e-08
    ]
  ], 
  "0.2": [
    [
      0.9997440245749516, 
      0.000255950851145661, 
      2.457285437266332e-08, 
      1.0485088911360013e-12, 
      1.6777216000000026e-17
    ], 
    [
      0.9598156917962284, 
      0.0401766168993045, 
      7.690812716482565e-06, 
      4.917402009600004e-10, 
      1.0485760000000015e-14
    ], 
    [
      0.9214820389748737, 
      0.07690812716482562, 
      0.0016096287522816008, 
      2.051014656000002e-07, 
      6.553600000000008e-12
    ], 
    [
      0.8846793768959998, 
      0.11064154521600002, 
      0.004614782976000003, 
      6.429081600000004e-05, 
      4.096000000000004e-09
    ], 
    [
      0.8493465599999999, 
      0.14155776, 
      0.008847360000000004, 
      0.00024576000000000014, 
      2.560000000000002e-06
    ]
  ], 
  "0.4": [
    [
      0.9837163886995681, 
      0.01618349691582093, 
      9.984035112902834e-05, 
      2.737520070371577e-07, 
      2.8147497671065644e-10
    ], 
    [
      0.8297203008599595, 
      0.16827949807300516, 
      0.0019921122692274596, 
      8.077802691624968e-06, 
      1.0995116277760016e-08
    ], 
    [
      0.6998315628036095, 
      0.27235909930844165, 
      0.027595542469017614, 
      0.0002133659222016002, 
      4.294967296000005e-07
    ], 
    [
      0.5902762844159999, 
      0.33972844953600007, 
      0.06563502489600004, 
      0.004343463936000003, 
      1.6777216000000017e-05
    ], 
    [
      0.49787135999999993, 
      0.37933056, 
      0.10838016000000003, 
      0.013762560000000007, 
      0.0006553600000000006
    ]
  ], 
  "0.15": [
    [
      0.9999544382784721, 
      4.556094306167994e-05, 
      7.784602927421939e-10, 
      5.911500183692814e-15, 
      1.6834112196028217e-20
    ], 
    [
      0.9774665973726673, 
      0.022532633388424907, 
      7.692301486460885e-07, 
      8.759222689228016e-12, 
      3.3252567300796485e-17
    ], 
    [
      0.9554844824972157, 
      0.04400826529428378, 
      0.0005072406698512493, 
      1.1538583661370847e-08, 
      6.568408355712887e-14
    ], 
    [
      0.9339967204474222, 
      0.06450657614517481, 
      0.001485295872130371, 
      1.1407405526367187e-05, 
      1.2974633789062497e-10
    ], 
    [
      0.9129921937890626, 
      0.08406066234375001, 
      0.002902350234375, 
      4.453734375e-05, 
      2.5628906249999996e-07
    ]
  ], 
  "0.8": [
    [
      0.29640563286094146, 
      0.4212255953503051, 
      0.22447827719943417, 
      0.05316812810644941, 
      0.004722366482869653
    ], 
    [
      0.14461633141146635, 
      0.41123270092753195, 
      0.32878281895660494, 
      0.10383893365832819, 
      0.011529215046068486
    ], 
    [
      0.07055831938498552, 
      0.30100966090997744, 
      0.41016521769615366, 
      0.1901193043378177, 
      0.028147497671065634
    ], 
    [
      0.03442540953599996, 
      0.19583277465599988, 
      0.39163369881599996, 
      0.3093886402560001, 
      0.06871947673600007
    ], 
    [
      0.016796159999999977, 
      0.11943935999999991, 
      0.3185049599999999, 
      0.3774873600000001, 
      0.16777216000000014
    ]
  ], 
  "0.3": [
    [
      0.9970871870966006, 
      0.0029096273559161496, 
      3.183998648709218e-06, 
      1.548552237854075e-09, 
      2.8242953648099974e-13
    ], 
    [
      0.9080112804813775, 
      0.09179058284400009, 
      0.00019799290273559702, 
      1.4373701911295994e-07, 
      3.4867844009999975e-11
    ], 
    [
      0.8268930702862922, 
      0.1647677562774516, 
      0.008327280890892599, 
      1.1888240691599996e-05, 
      4.3046720999999976e-09
    ], 
    [
      0.7530216467410001, 
      0.223973358336, 
      0.022259874546, 
      0.000744588936, 
      5.314409999999999e-07
    ], 
    [
      0.6857496100000001, 
      0.27128556000000004, 
      0.04024566, 
      0.0026535599999999997, 
      6.560999999999999e-05
    ]
  ], 
  "0.05": [
    [
      0.9999999375000016, 
      6.249999707031258e-08, 
      1.4648437042236345e-15, 
      1.525878882408144e-23, 
      5.960464477539072e-32
    ], 
    [
      0.9974999532421884, 
      0.0025000466406235418, 
      1.1718822692869962e-10, 
      1.8310584640502947e-18, 
      9.536743164062514e-27
    ], 
    [
      0.9950062189060551, 
      0.004987530938085455, 
      6.2501556643029905e-06, 
      1.9531371459960957e-13, 
      1.5258789062500018e-21
    ], 
    [
      0.992518718866895, 
      0.0074625622665029315, 
      1.8703241310058602e-05, 
      1.562529199218751e-08, 
      2.4414062500000024e-16
    ], 
    [
      0.9900374375390627, 
      0.009925187343750003, 
      3.731273437500002e-05, 
      6.234375000000004e-08, 
      3.906250000000003e-11
    ]
  ], 
  "0.9": [
    [
      0.048201120774876004, 
      0.21867941348449935, 
      0.37204025378324557, 
      0.2813127688805065, 
      0.07976644307687254
    ], 
    [
      0.019545485087740153, 
      0.14983112958921016, 
      0.3589549401489283, 
      0.350091790583552, 
      0.12157665459056932
    ], 
    [
      0.007925666066964094, 
      0.08555535939492355, 
      0.3075323018944445, 
      0.4136846537584837, 
      0.18530201888518416
    ], 
    [
      0.003213846180999997, 
      0.04474855497599997, 
      0.22184988798599997, 
      0.447758174376, 
      0.28242953648100005
    ], 
    [
      0.0013032099999999984, 
      0.022223159999999985, 
      0.14211125999999996, 
      0.4038951599999999, 
      0.4304672100000001
    ]
  ], 
  "0.85": [
    [
      0.15049955856799369, 
      0.36452302463986586, 
      0.33108992998947284, 
      0.13365476932948164, 
      0.02023271747318576
    ], 
    [
      0.06705241233700897, 
      0.29638298468016266, 
      0.3908877778381621, 
      0.20691729406015172, 
      0.038759531084514326
    ], 
    [
      0.029874014535272057, 
      0.1917389149505421, 
      0.4018521814791637, 
      0.30228380279895817, 
      0.07425108623606391
    ], 
    [
      0.013309837981191662, 
      0.11202002278744048, 
      0.3336226819927164, 
      0.3988057001024794, 
      0.14224175713617204
    ], 
    [
      0.005929962539062507, 
      0.061757087343750044, 
      0.24118646273437505, 
      0.41863596234375, 
      0.2724905250390624
    ]
  ], 
  "0.75": [
    [
      0.4565966004673818, 
      0.3954367944647714, 
      0.12842593844586503, 
      0.018537275344428394, 
      0.0010033912775533338
    ], 
    [
      0.24301191209906392, 
      0.47028975920329685, 
      0.23712041036014853, 
      0.04640670639855671, 
      0.0031712119389339932
    ], 
    [
      0.12933690124191344, 
      0.3885869001969695, 
      0.3638810603879392, 
      0.10817254241555929, 
      0.010022595757618546
    ], 
    [
      0.0688362717628479, 
      0.28041529655456543, 
      0.3988584280014038, 
      0.2202136516571045, 
      0.03167635202407837
    ], 
    [
      0.0366363525390625, 
      0.18841552734375, 
      0.363372802734375, 
      0.31146240234375, 
      0.1001129150390625
    ]
  ], 
  "0.45": [
    [
      0.9671963671334006, 
      0.03239448398667703, 
      0.00040687288089438816, 
      2.2712445773914035e-06, 
      4.754450504593405e-09
    ], 
    [
      0.7777977530337307, 
      0.21703542639212697, 
      0.00512470718408662, 
      4.1997445522642946e-05, 
      1.1594453295761997e-07
    ], 
    [
      0.6254876105638638, 
      0.32812053100379424, 
      0.0456914025352389, 
      0.0006976284126839625, 
      2.8274844190244165e-06
    ], 
    [
      0.503003190023262, 
      0.3873772337738467, 
      0.1005011492810757, 
      0.009049474398260744, 
      6.895252355493165e-05
    ], 
    [
      0.4045039500390625, 
      0.41084413734375, 
      0.15648138773437503, 
      0.026489012343750003, 
      0.0016815125390625004
    ]
  ], 
  "0.7": [
    [
      0.6061296500457387, 
      0.32327519183740305, 
      0.06465624741935797, 
      0.005747329466119525, 
      0.00019158123138056618
    ], 
    [
      0.3503437084825957, 
      0.4767448434922368, 
      0.1533301102307153, 
      0.018783415131475956, 
      0.0007979226629761192
    ], 
    [
      0.2024991090009801, 
      0.4431167071410995, 
      0.2942945517718205, 
      0.05676633902913956, 
      0.003323293056960097
    ], 
    [
      0.11704474250100001, 
      0.352970515296, 
      0.36911702910599986, 
      0.14702642589599993, 
      0.01384128720099999
    ], 
    [
      0.06765201, 
      0.25999596, 
      0.3747000599999999, 
      0.2400039599999999, 
      0.05764800999999997
    ]
  ], 
  "0.35": [
    [
      0.9926671879868478, 
      0.007312586351085584, 
      2.020084870433622e-05, 
      2.4801943072053927e-08, 
      1.1419131242070566e-11
    ], 
    [
      0.8726696560892284, 
      0.12664713750006806, 
      0.0006819606181369404, 
      1.2450316082094349e-06, 
      7.60958350158805e-10
    ], 
    [
      0.7671778999800911, 
      0.21702356622705726, 
      0.015742687065040187, 
      5.5796018383790244e-05, 
      5.070942774902492e-08
    ], 
    [
      0.6744384041670902, 
      0.2836991896454092, 
      0.039951521803419425, 
      0.0019075051635732412, 
      3.379220508056638e-06
    ], 
    [
      0.5929096250390626, 
      0.33108343734375006, 
      0.06932943773437499, 
      0.006452312343749997, 
      0.0002251875390624999
    ]
  ], 
  "0.95": [
    [
      0.004924713981720326, 
      0.054662234691888245, 
      0.22752285050983573, 
      0.4209011764777833, 
      0.2919890243387724
    ], 
    [
      0.0018125515838325085, 
      0.0318666359450587, 
      0.18153932389192762, 
      0.42629556617063924, 
      0.35848592240854193
    ], 
    [
      0.0006671135128351316, 
      0.0160524911286159, 
      0.13083656460602872, 
      0.41231716210075486, 
      0.4401266686517654
    ], 
    [
      0.00024553256468774456, 
      0.007499577260487314, 
      0.0820324448225992, 
      0.36986235768958897, 
      0.5403600876626368
    ], 
    [
      9.036878906250011e-05, 
      0.0033459623437500034, 
      0.04645740023437503, 
      0.2866858373437501, 
      0.6634204312890624
    ]
  ], 
  "0.55": [
    [
      0.8937904941767882, 
      0.10178011257228071, 
      0.004346316914891492, 
      8.248924622242349e-05, 
      5.870898172740716e-07
    ], 
    [
      0.6411667768181012, 
      0.33282824491519997, 
      0.025307673684212044, 
      0.0006908887385716343, 
      6.4158439152961835e-06
    ], 
    [
      0.4599454104442511, 
      0.4251371354653608, 
      0.1095983302100724, 
      0.005249010156769267, 
      7.011372354671054e-05
    ], 
    [
      0.32994501311902374, 
      0.4386763928947061, 
      0.19839775209392732, 
      0.032214624026932634, 
      0.0007662178654104011
    ], 
    [
      0.23668833128906253, 
      0.4105991123437501, 
      0.2671101752343751, 
      0.07722898734375004, 
      0.008373393789062504
    ]
  ], 
  "0.65": [
    [
      0.7307689119921189, 
      0.23843783995517617, 
      0.029174375060393585, 
      0.0015865195452096238, 
      3.235344710197275e-05
    ], 
    [
      0.45644350981897713, 
      0.4456323523912101, 
      0.09082933934401217, 
      0.006913552987437474, 
      0.00018124545836335
    ], 
    [
      0.28509789378959455, 
      0.46366759518275097, 
      0.22254869218353546, 
      0.027670473676298095, 
      0.0010153451678210146
    ], 
    [
      0.17807419164640642, 
      0.40536382861486214, 
      0.31781888626916166, 
      0.0930550844064639, 
      0.005688009063105716
    ], 
    [
      0.11122641878906242, 
      0.3254937623437499, 
      0.3571977002343749, 
      0.17421763734375004, 
      0.03186448128906251
    ]
  ]
}